            dates long(M) short(M)  pnl(M)    %ret    %tvr      shrp (IR)   %dd  %win fitness   ddStart     ddEnd
20100104-20101231    7.87    -7.89   1.228   13.57    8.80    2.36 (0.15)  4.98  0.54    2.94  20100827  20101018
20110104-20111230    8.88    -8.88   0.827    8.20   10.49    2.18 (0.14)  1.72  0.59    1.93  20101221  20110127
20120104-20121231    8.33    -8.34   0.609    6.07    8.42    1.72 (0.11)  2.58  0.53    1.46  20121113  20121221
20130104-20131231    7.91    -7.91   0.840    8.55    7.86    2.22 (0.14)  2.79  0.52    2.32  20130314  20130627
20140102-20141231    8.98    -8.99  -0.097   -0.96    8.46   -0.25 (-0.02)  6.02  0.49   -0.09  20141110  20141229
20150105-20151231    7.54    -7.55   3.505   34.76    6.73    3.76 (0.24)  6.21  0.61    8.54  20141110  20150105
20160104-20161230    5.77    -5.79   1.247   12.37    5.70    3.02 (0.19)  2.62  0.54    4.45  20151231  20160115
20170103-20171229    4.83    -4.87   0.421    4.18    4.22    1.32 (0.08)  2.31  0.59    1.31  20170414  20170424
20180102-20181228    8.41    -8.45   1.342   13.37    6.99    3.65 (0.23)  2.01  0.63    5.05  20180522  20180622
20190102-20191231    8.12    -8.12   0.938    9.31    8.22    2.15 (0.14)  3.19  0.53    2.29  20190423  20190604
20200102-20201231    8.40    -8.40   1.561   15.55    6.58    2.38 (0.15)  4.25  0.51    3.67  20200821  20200921
20210104-20211231    5.72    -5.72   1.220   12.15    6.57    2.60 (0.17)  2.68  0.36    3.53  20211117  20211129
20220104-20221230    7.73    -7.73   0.685    8.37    7.87    1.12 (0.07)  4.50  0.47    1.15  20211117  20220429
20230103-20231229    6.81    -6.80   1.017   11.23    5.94    1.64 (0.11)  5.67  0.46    2.25  20230202  20230420

20100104-20231229    7.52    -7.53  15.344   11.22    7.34    2.11 (0.14)  6.10  0.53    2.61  20230202  20230420
